(0, 0) : [0.06332778930664062, 0.6180286407470703, 0.06332778930664062, 0.6180286407470703]
(0, 1) : [0.06290626525878906, 0.6267127990722656, 0.06290626525878906, 0.6267127990722656]
(0, 2) : [0.05413389205932617, 0.61336350440979, 0.05413389205932617, 0.61336350440979]
(0, 3) : [0.056273460388183594, 0.6201181411743164, 0.05413389205932617, 0.61336350440979]
(0, 4) : [0.04746818542480469, 0.6210660934448242, 0.04746818542480469, 0.6210660934448242]
(0, 5) : [0.047046661376953125, 0.6203961372375488, 0.047046661376953125, 0.6203961372375488]
(0, 6) : [0.04770851135253906, 0.619234561920166, 0.047046661376953125, 0.6203961372375488]
(0, 7) : [0.04768562316894531, 0.619715690612793, 0, 0]
(1, 0) : [0.05803394317626953, 0.6231822967529297, 0.047046661376953125, 0.6203961372375488]
(1, 1) : [0.06253862380981445, 0.6229369640350342, 0.047046661376953125, 0.6203961372375488]
(1, 2) : [0.06247091293334961, 0.6196320056915283, 0.047046661376953125, 0.6203961372375488]
(1, 3) : [0.0625004768371582, 0.6196658611297607, 0.047046661376953125, 0.6203961372375488]
(1, 4) : [0.0477752685546875, 0.6230983734130859, 0.047046661376953125, 0.6203961372375488]
(1, 5) : [0.06309986114501953, 0.623260498046875, 0.04768562316894531, 0.619715690612793]
(1, 6) : [0.06360435485839844, 0.6351199150085449, 0.04768562316894531, 0.619715690612793]
(1, 7) : [0.07886028289794922, 0.6286640167236328, 0, 0]
(0, 0) : [0.015590667724609375, 0.7072725296020508, 0.015590667724609375, 0.7072725296020508]
(0, 1) : [0.03365945816040039, 0.7066690921783447, 0.015590667724609375, 0.7072725296020508]
(0, 2) : [0.029424667358398438, 0.7059168815612793, 0.015458106994628906, 0.7080364227294922]
(0, 3) : [0.015458106994628906, 0.7080364227294922, 0.015458106994628906, 0.7080364227294922]
(0, 4) : [0.031421661376953125, 0.7106752395629883, 0.015458106994628906, 0.7080364227294922]
(0, 5) : [0.03125476837158203, 0.7069206237792969, 0.015458106994628906, 0.7080364227294922]
(0, 6) : [0.015682220458984375, 0.7144408226013184, 0, 0]
(0, 7) : [0.015689373016357422, 0.7071764469146729, 0, 0]
(1, 0) : [0.015630245208740234, 0.7121074199676514, 0.015458106994628906, 0.7080364227294922]
(1, 1) : [0.01562643051147461, 0.7138168811798096, 0.015458106994628906, 0.7080364227294922]
(1, 2) : [0.015623092651367188, 0.7164297103881836, 0.015458106994628906, 0.7080364227294922]
(1, 3) : [0.015624523162841797, 0.720024824142456, 0.015623092651367188, 0.7164297103881836]
(1, 4) : [0.015625, 0.711817741394043, 0.015623092651367188, 0.7164297103881836]
(1, 5) : [0.03124856948852539, 0.7167656421661377, 0.015623092651367188, 0.7164297103881836]
(1, 6) : [0.015624046325683594, 0.7167186737060547, 0, 0]
(1, 7) : [0.03129386901855469, 0.7136106491088867, 0, 0]
(0, 0) : [0.0035910606384277344, 0.7472178936004639, 0.0035910606384277344, 0.7472178936004639]
(0, 1) : [0.019689083099365234, 0.7424652576446533, 0.0035910606384277344, 0.7472178936004639]
(0, 2) : [0.015734195709228516, 0.7444207668304443, 0.0035910606384277344, 0.7472178936004639]
(0, 3) : [0.015618324279785156, 0.7529010772705078, 0.0035910606384277344, 0.7472178936004639]
(0, 4) : [0.03129720687866211, 0.7485249042510986, 0.0035910606384277344, 0.7472178936004639]
(0, 5) : [0.01563262939453125, 0.7537736892700195, 0.0035910606384277344, 0.7472178936004639]
(0, 6) : [0.015811920166015625, 0.7489194869995117, 0.0035910606384277344, 0.7472178936004639]
(0, 7) : [0.031973838806152344, 0.7504758834838867, 0.0035910606384277344, 0.7472178936004639]
(1, 0) : [0.023756027221679688, 0.7484192848205566, 0.015618324279785156, 0.7529010772705078]
(1, 1) : [0.014897823333740234, 0.752849817276001, 0.014897823333740234, 0.752849817276001]
(1, 2) : [0.030854225158691406, 0.7539496421813965, 0.014897823333740234, 0.752849817276001]
(1, 3) : [0.015533924102783203, 0.7551438808441162, 0.014897823333740234, 0.752849817276001]
(1, 4) : [0.015617847442626953, 0.7612841129302979, 0.014897823333740234, 0.752849817276001]
(1, 5) : [0.01570606231689453, 0.7500061988830566, 0.014897823333740234, 0.752849817276001]
(1, 6) : [0.015830039978027344, 0.7547235488891602, 0.014897823333740234, 0.752849817276001]
(1, 7) : [0.03127145767211914, 0.7563889026641846, 0.014897823333740234, 0.752849817276001]
(0, 0) : [0.031239986419677734, 0.7745287418365479, 0.031239986419677734, 0.7745287418365479]
(0, 1) : [0.031253814697265625, 0.7760992050170898, 0.031239986419677734, 0.7745287418365479]
(0, 2) : [0.04686117172241211, 0.7668969631195068, 0.031239986419677734, 0.7745287418365479]
(0, 3) : [0.015625953674316406, 0.7780604362487793, 0.015625953674316406, 0.7780604362487793]
(0, 4) : [0.015723228454589844, 0.7701783180236816, 0.015625953674316406, 0.7780604362487793]
(0, 5) : [0.031247615814208984, 0.7724406719207764, 0.015625953674316406, 0.7780604362487793]
(0, 6) : [0.015728473663330078, 0.7716233730316162, 0.015625953674316406, 0.7780604362487793]
(0, 7) : [0.04684638977050781, 0.7784953117370605, 0.015625953674316406, 0.7780604362487793]
(1, 0) : [0.013488292694091797, 0.7984473705291748, 0.013488292694091797, 0.7984473705291748]
(1, 1) : [0.0369420051574707, 0.8012368679046631, 0.013488292694091797, 0.7984473705291748]
(1, 2) : [0.018653392791748047, 0.7948753833770752, 0.013488292694091797, 0.7984473705291748]
(1, 3) : [0.021397113800048828, 0.7919471263885498, 0.013488292694091797, 0.7984473705291748]
(1, 4) : [0.027622222900390625, 0.8004770278930664, 0.013488292694091797, 0.7984473705291748]
(1, 5) : [0.039226531982421875, 0.8014316558837891, 0.013488292694091797, 0.7984473705291748]
(1, 6) : [0.04072284698486328, 0.7852993011474609, 0.013488292694091797, 0.7984473705291748]
(1, 7) : [0.02440357208251953, 0.7939615249633789, 0.013488292694091797, 0.7984473705291748]
(2, 0) : [0.031409263610839844, 0.8264102935791016, 0.018653392791748047, 0.7948753833770752]
(2, 1) : [0.03149557113647461, 0.8239405155181885, 0.018653392791748047, 0.7948753833770752]
(2, 2) : [0.015594005584716797, 0.824329137802124, 0.015594005584716797, 0.824329137802124]
(2, 3) : [0.015629291534423828, 0.8225815296173096, 0.015594005584716797, 0.824329137802124]
(2, 4) : [0.03130769729614258, 0.8238680362701416, 0.015594005584716797, 0.824329137802124]
(2, 5) : [0.03128767013549805, 0.8235142230987549, 0.015594005584716797, 0.824329137802124]
(2, 6) : [0.015585899353027344, 0.8264803886413574, 0.015585899353027344, 0.8264803886413574]
(2, 7) : [0.015670299530029297, 0.8200032711029053, 0.015585899353027344, 0.8264803886413574]
(3, 0) : [0.019346237182617188, 0.8405308723449707, 0.015585899353027344, 0.8264803886413574]
(3, 1) : [0.01943683624267578, 0.8411288261413574, 0.015585899353027344, 0.8264803886413574]
(3, 2) : [0.021934032440185547, 0.8413059711456299, 0.015585899353027344, 0.8264803886413574]
(3, 3) : [0.026731491088867188, 0.8449344635009766, 0.015585899353027344, 0.8264803886413574]
(3, 4) : [0.049829959869384766, 0.8532226085662842, 0.015585899353027344, 0.8264803886413574]
(3, 5) : [0.015604019165039062, 0.8474459648132324, 0.015585899353027344, 0.8264803886413574]
(3, 6) : [0.022499561309814453, 0.8393261432647705, 0.015604019165039062, 0.8474459648132324]
(3, 7) : [0.021184444427490234, 0.8427407741546631, 0.015604019165039062, 0.8474459648132324]
(4, 0) : [0.04694509506225586, 0.8719222545623779, 0.015604019165039062, 0.8474459648132324]
(4, 1) : [0.06259393692016602, 0.8716309070587158, 0.015604019165039062, 0.8474459648132324]
(4, 2) : [0.06284618377685547, 0.8715901374816895, 0.015604019165039062, 0.8474459648132324]
(4, 3) : [0.06619834899902344, 0.8700313568115234, 0.015604019165039062, 0.8474459648132324]
(4, 4) : [0.0704183578491211, 0.8656430244445801, 0.015604019165039062, 0.8474459648132324]
(4, 5) : [0.06723308563232422, 0.8713278770446777, 0.021184444427490234, 0.8427407741546631]
(4, 6) : [0.06482267379760742, 0.8687889575958252, 0.021184444427490234, 0.8427407741546631]
(4, 7) : [0.06266164779663086, 0.8697149753570557, 0.04694509506225586, 0.8719222545623779]
(5, 0) : [0.01564502716064453, 0.8916163444519043, 0.01564502716064453, 0.8916163444519043]
(5, 1) : [0.03147411346435547, 0.8971238136291504, 0.01564502716064453, 0.8916163444519043]
(5, 2) : [0.04733467102050781, 0.9146480560302734, 0.01564502716064453, 0.8916163444519043]
(5, 3) : [0.015825748443603516, 0.9024121761322021, 0.01564502716064453, 0.8916163444519043]
(5, 4) : [0.01579761505126953, 0.8997554779052734, 0.01564502716064453, 0.8916163444519043]
(5, 5) : [0.015796184539794922, 0.8938815593719482, 0.01564502716064453, 0.8916163444519043]
(5, 6) : [0.023983001708984375, 0.8897566795349121, 0.01564502716064453, 0.8916163444519043]
(5, 7) : [0.01423788070678711, 0.8940904140472412, 0.01423788070678711, 0.8940904140472412]
(6, 0) : [0.06273794174194336, 0.9134209156036377, 0.01423788070678711, 0.8940904140472412]
(6, 1) : [0.04787874221801758, 0.9169237613677979, 0.01423788070678711, 0.8940904140472412]
(6, 2) : [0.06664466857910156, 0.9178996086120605, 0.01423788070678711, 0.8940904140472412]
(6, 3) : [0.06250286102294922, 0.9180765151977539, 0.01423788070678711, 0.8940904140472412]
(6, 4) : [0.06339168548583984, 0.9149684906005859, 0.01423788070678711, 0.8940904140472412]
(6, 5) : [0.06135749816894531, 0.9224824905395508, 0.01423788070678711, 0.8940904140472412]
(6, 6) : [0.06247138977050781, 0.9279823303222656, 0.01423788070678711, 0.8940904140472412]
(6, 7) : [0.06374645233154297, 0.9133200645446777, 0.04787874221801758, 0.9169237613677979]
(7, 0) : [0.01710224151611328, 0.946354866027832, 0.01710224151611328, 0.946354866027832]
(7, 1) : [0.015693187713623047, 0.9477360248565674, 0.015693187713623047, 0.9477360248565674]
(7, 2) : [0.01578664779663086, 0.9442217350006104, 0.015693187713623047, 0.9477360248565674]
(7, 3) : [0.015686988830566406, 0.9422473907470703, 0.015686988830566406, 0.9422473907470703]
(7, 4) : [0.031252384185791016, 0.9461390972137451, 0.015686988830566406, 0.9422473907470703]
(7, 5) : [0.03127861022949219, 0.944343090057373, 0.015686988830566406, 0.9422473907470703]
(7, 6) : [0.030807018280029297, 0.940624475479126, 0.015686988830566406, 0.9422473907470703]
(7, 7) : [0.02257251739501953, 0.9402885437011719, 0.015686988830566406, 0.9422473907470703]
(8, 0) : [0.030925273895263672, 0.9715769290924072, 0.015686988830566406, 0.9422473907470703]
(8, 1) : [0.015602588653564453, 0.9733960628509521, 0.015602588653564453, 0.9733960628509521]
(8, 2) : [0.03143787384033203, 0.9703950881958008, 0.015602588653564453, 0.9733960628509521]
(8, 3) : [0.01271677017211914, 0.9713947772979736, 0.01271677017211914, 0.9713947772979736]
(8, 4) : [0.01596355438232422, 0.9643940925598145, 0.01271677017211914, 0.9713947772979736]
(8, 5) : [0.009197711944580078, 0.968951940536499, 0.009197711944580078, 0.968951940536499]
(8, 6) : [0.01795673370361328, 0.9644999504089355, 0.009197711944580078, 0.968951940536499]
(8, 7) : [0.012171745300292969, 0.9674863815307617, 0.009197711944580078, 0.968951940536499]
(9, 0) : [0.015667438507080078, 0.9913451671600342, 0.009197711944580078, 0.968951940536499]
(9, 1) : [0.03132152557373047, 0.9940967559814453, 0.009197711944580078, 0.968951940536499]
(9, 2) : [0.015531539916992188, 0.9938955307006836, 0.009197711944580078, 0.968951940536499]
(9, 3) : [0.031266212463378906, 0.992647647857666, 0.009197711944580078, 0.968951940536499]
(9, 4) : [0.015620708465576172, 0.9914758205413818, 0.009197711944580078, 0.968951940536499]
(9, 5) : [0.015601158142089844, 0.9980716705322266, 0.012171745300292969, 0.9674863815307617]
(9, 6) : [0.01585245132446289, 0.9890191555023193, 0.012171745300292969, 0.9674863815307617]
(9, 7) : [0.015610694885253906, 0.995241641998291, 0.015531539916992188, 0.9938955307006836]
(10, 0) : [0.08925771713256836, 0.979834794998169, 0.015531539916992188, 0.9938955307006836]
(10, 1) : [0.031298160552978516, 1.0216047763824463, 0.015531539916992188, 0.9938955307006836]
(10, 2) : [0.0774235725402832, 1.0348255634307861, 0.015601158142089844, 0.9980716705322266]
(10, 3) : [0.06046438217163086, 1.0357153415679932, 0.015601158142089844, 0.9980716705322266]
(10, 4) : [0.13201284408569336, 1.0052597522735596, 0.015601158142089844, 0.9980716705322266]
(10, 5) : [0.1014404296875, 0.9754157066345215, 0.015610694885253906, 0.995241641998291]
(10, 6) : [0.09765100479125977, 0.992933988571167, 0.015610694885253906, 0.995241641998291]
(10, 7) : [0.13380908966064453, 1.0134506225585938, 0.031298160552978516, 1.0216047763824463]
(11, 0) : [0.07491540908813477, 1.0240190029144287, 0.031298160552978516, 1.0216047763824463]
(11, 1) : [0.03166532516479492, 1.035801649093628, 0.03166532516479492, 1.035801649093628]
(11, 2) : [0.1909341812133789, 1.1233654022216797, 0.03166532516479492, 1.035801649093628]
(11, 3) : [0.03143501281738281, 1.0472655296325684, 0.03143501281738281, 1.0472655296325684]
(11, 4) : [0.22883939743041992, 0.9659817218780518, 0.03143501281738281, 1.0472655296325684]
(11, 5) : [0.14113330841064453, 1.088932991027832, 0.03143501281738281, 1.0472655296325684]
(11, 6) : [0.09786033630371094, 1.0189690589904785, 0.03143501281738281, 1.0472655296325684]
(11, 7) : [0.07830381393432617, 1.040919542312622, 0.03143501281738281, 1.0472655296325684]
(12, 0) : [0.06242561340332031, 1.06904935836792, 0.03143501281738281, 1.0472655296325684]
(12, 1) : [0.06248283386230469, 1.0659732818603516, 0.03143501281738281, 1.0472655296325684]
(12, 2) : [0.062491416931152344, 1.0696544647216797, 0.03143501281738281, 1.0472655296325684]
(12, 3) : [0.0625767707824707, 1.0765960216522217, 0.06242561340332031, 1.06904935836792]
(12, 4) : [0.04694986343383789, 1.0669524669647217, 0.04694986343383789, 1.0669524669647217]
(12, 5) : [0.046942710876464844, 1.065507411956787, 0.046942710876464844, 1.065507411956787]
(12, 6) : [0.04684257507324219, 1.0649514198303223, 0.04684257507324219, 1.0649514198303223]
(12, 7) : [0.0469822883605957, 1.0659658908843994, 0.04684257507324219, 1.0649514198303223]
(13, 0) : [0.0313115119934082, 1.0934574604034424, 0.0313115119934082, 1.0934574604034424]
(13, 1) : [0.015653133392333984, 1.094238042831421, 0.015653133392333984, 1.094238042831421]
(13, 2) : [0.015718460083007812, 1.0892000198364258, 0.015653133392333984, 1.094238042831421]
(13, 3) : [0.0157318115234375, 1.0967941284179688, 0.015653133392333984, 1.094238042831421]
(13, 4) : [0.015720844268798828, 1.089188814163208, 0.015653133392333984, 1.094238042831421]
(13, 5) : [0.01558065414428711, 1.0949327945709229, 0.01558065414428711, 1.0949327945709229]
(13, 6) : [0.015635013580322266, 1.0865733623504639, 0.01558065414428711, 1.0949327945709229]
(13, 7) : [0.015505790710449219, 1.0915050506591797, 0.015505790710449219, 1.0915050506591797]
(14, 0) : [0.06609439849853516, 1.114396572113037, 0.015505790710449219, 1.0915050506591797]
(14, 1) : [0.07813358306884766, 1.0990424156188965, 0.015505790710449219, 1.0915050506591797]
(14, 2) : [0.06272029876708984, 1.1151790618896484, 0.015505790710449219, 1.0915050506591797]
(14, 3) : [0.059488773345947266, 1.1122777462005615, 0.015505790710449219, 1.0915050506591797]
(14, 4) : [0.06713390350341797, 1.114804744720459, 0.015505790710449219, 1.0915050506591797]
(14, 5) : [0.05337810516357422, 1.1117901802062988, 0.015505790710449219, 1.0915050506591797]
(14, 6) : [0.0624089241027832, 1.1215441226959229, 0.015505790710449219, 1.0915050506591797]
(14, 7) : [0.07696676254272461, 1.120539903640747, 0.05337810516357422, 1.1117901802062988]